         1  52.540      33.942      99.729     
         2  52.518      20.129      99.836     
         3  52.525      9.127      99.893      
         4  52.516      -9.145      99.881     
         5  52.513      -20.142      99.842    
         6  52.507      -33.926      99.744    
         7  47.161      -9.119      99.945     
         8  47.176      9.105      99.927      
         9  41.582      -0.005      99.984     
        10  36.164      -20.126      99.859    
        11  36.165      -7.229      99.961     
        12  36.149      7.220      99.949      
        13  36.172      20.127      99.848     
        14  -0.002      33.940      99.724     
        15  0.001      9.140      99.928       
        31  0.000      0.000      100.000      
        16  -0.015      -9.108      99.947     
        17  -0.031      -33.937      99.760    
        18  -36.188      -20.111      99.860   
        19  -36.165      -7.233      99.966    
        20  -36.134      7.262      99.938     
        21  -36.144      20.134      99.842    
        22  -41.605      0.000      99.990     
        23  -47.153      -9.114      99.943    
        24  -47.142      9.149      99.921     
        25  -52.510      33.950      99.728    
        26  -52.507      20.148      99.837    
        27  -52.514      9.142      99.880     
        28  -52.522      -9.147      99.871    
        29  -52.541      -20.157      99.850   
        30  -52.545      -33.937      99.748   
