1 28.530 55.665 99.729 
2 35.417 43.691 99.836 
3 40.924 34.167 99.893 
4 50.053 18.338 99.881 
5 55.549 8.813 99.842 
6 62.435 -3.127 99.744 
7 45.402 15.683 99.945 
8 36.303 31.473 99.927 
9 36.014 20.787 99.984 
10 41.382 0.652 99.859 
11 34.934 11.822 99.961 
12 27.696 24.327 99.949 
13 21.262 35.516 99.848 
14 -16.972 29.392 99.724 
15 -4.569 7.916 99.928 
31 0.000 0.000 100.000 
16 4.541 -7.895 99.947 
17 16.942 -29.406 99.760 
18 -21.284 -35.511 99.860 
19 -27.703 -24.346 99.966 
20 -34.924 -11.778 99.938 
21 -41.369 -0.635 99.842 
22 -36.031 -20.802 99.990 
23 -36.279 -31.469 99.943 
24 -45.401 -15.648 99.921 
25 -62.450 3.147 99.728 
26 -55.546 -8.805 99.837 
27 -50.049 -18.340 99.880 
28 -40.912 -34.183 99.871 
29 -35.423 -43.727 99.850 
30 -28.537 -55.663 99.748
