         1  52.540      33.942      99.729     
         2  52.518      20.129      99.836     
         3  52.525      9.127      99.893      
         4  52.516      -9.145      99.881     
         5  52.513      -20.142      99.842    
         6  52.507      -33.926      99.744    
         7  47.161      -9.119      99.945     
         8  47.176      9.105      99.927      
         9  41.582      -0.005      99.984     
        10  36.164      -20.126      99.859    
        11  36.165      -7.229      99.961     
        12  36.149      7.220      99.949      
        13  36.172      20.127      99.848     
        14  -0.002      33.940      99.724     
        15  0.001      9.140      99.928       
        31  0.000      0.000      100.000      
        16  -0.015      -9.108      99.947     
        17  -0.031      -33.937      99.760    
        18  -36.188      -20.111      99.860   
        19  -36.165      -7.233      99.966    
        20  -36.134      7.262      99.938     
        21  -36.144      20.134      99.842    
        22  -41.605      0.000      99.990     
        23  -47.153      -9.114      99.943    
        24  -47.142      9.149      99.921     
        25  -52.510      33.950      99.728    
        26  -52.507      20.148      99.837    
        27  -52.514      9.142      99.880     
        28  -52.522      -9.147      99.871    
        29  -52.541      -20.157      99.850   
        30  -52.545      -33.937      99.748   
       101  54.846      36.492      99.687     
       102  45.281      36.486      99.680     
       103  35.785      36.467      99.691     
       104  25.997      36.515      99.684     
       105  16.360      36.527      99.715     
       106  6.652      36.555      99.712      
       107  -3.121      36.548      99.716     
       108  -12.663      36.521      99.709    
       109  -22.429      36.470      99.707    
       110  -32.143      36.505      99.718    
       111  -42.101      36.533      99.719    
       112  -52.557      36.567      99.714    
       113  -55.016      36.471      99.719    
       114  -55.000      27.675      99.785    
       115  -45.412      27.691      99.792    
       116  -35.917      27.639      99.783    
       117  -26.552      27.743      99.787    
       118  -16.931      27.792      99.773    
       119  -7.585      27.613      99.784     
       120  2.213      27.619      99.779      
       121  12.237      27.613      99.777     
       122  22.117      27.584      99.780     
       123  31.948      27.654      99.777     
       124  41.858      27.453      99.776     
       125  51.647      27.662      99.783     
       126  55.111      27.614      99.756     
       127  55.092      18.234      99.817     
       128  45.385      18.135      99.864     
       129  35.849      18.106      99.861     
       130  26.172      18.083      99.865     
       131  16.572      18.037      99.852     
       132  6.849      18.046      99.857      
       133  -3.087      18.122      99.858     
       134  -12.885      18.177      99.859    
       135  -22.598      18.148      99.854    
       136  -32.535      18.099      99.865    
       137  -42.419      17.978      99.868    
       138  -52.205      18.022      99.853    
       139  -55.146      18.065      99.846    
       140  -55.091      9.132      99.866     
       141  -45.967      9.158      99.926     
       142  -36.391      9.136      99.935     
       143  -26.643      9.121      99.921     
       144  -16.747      9.077      99.921     
       145  -7.112      9.056      99.922      
       146  3.122      9.005      99.926       
       147  13.024      8.940      99.923      
       148  22.528      8.948      99.927      
       149  32.059      8.986      99.926      
       150  41.927      9.019      99.937      
       151  51.728      9.110      99.900      
       152  55.031      9.142      99.857      
       153  55.078      0.032      99.868      
       154  45.836      -0.056      99.944     
       155  36.277      0.037      100.000     
       156  26.597      0.001      100.001     
       157  16.884      0.025      100.002     
       158  6.900      0.010      100.006      
       159  -2.707      0.018      100.004     
       160  -12.102      0.056      100.007    
       161  -21.550      0.128      100.003    
       162  -31.156      0.046      100.000    
       163  -40.574      0.027      99.994     
       164  -50.423      -0.003      99.883    
       165  -54.948      0.077      99.878     
       166  -55.124      -9.168      99.856    
       167  -45.426      -9.134      99.949    
       168  -35.700      -9.200      99.947    
       169  -26.072      -9.090      99.949    
       170  -16.298      -8.986      99.943    
       171  -6.743      -9.151      99.940     
       172  2.695      -9.092      99.946      
       173  12.091      -9.159      99.944     
       174  21.476      -9.391      99.944     
       175  30.716      -9.323      99.940     
       176  40.164      -9.304      99.935     
       177  49.812      -9.245      99.919     
       178  55.096      -9.205      99.858     
       179  55.106      -18.854      99.810    
       180  45.602      -18.790      99.862    
       181  35.994      -18.817      99.860    
       182  26.499      -18.772      99.876    
       183  16.986      -18.712      99.874    
       184  7.420      -18.729      99.870     
       185  -2.456      -18.821      99.875    
       186  -12.172      -18.852      99.866   
       187  -21.659      -18.847      99.872   
       188  -31.212      -18.771      99.873   
       189  -40.697      -18.736      99.865   
       190  -50.423      -18.817      99.866   
       191  -55.082      -18.876      99.804   
       192  -54.897      -27.791      99.766   
       193  -45.581      -27.754      99.804   
       194  -36.188      -27.723      99.800   
       195  -26.677      -27.657      99.798   
       196  -17.222      -27.724      99.803   
       197  -7.349      -27.738      99.798    
       198  2.279      -27.683      99.802     
       199  11.851      -27.731      99.800    
       200  21.433      -27.802      99.799    
       201  30.732      -27.775      99.803    
       202  40.337      -27.741      99.807    
       203  49.740      -27.934      99.793    
       204  55.052      -27.944      99.760    
       205  55.088      -36.345      99.725    
       206  45.698      -36.220      99.731    
       207  36.343      -36.295      99.734    
       208  27.147      -36.314      99.738    
       209  17.513      -36.350      99.733    
       210  8.116      -36.316      99.726     
       211  -1.203      -36.285      99.741    
       212  -10.565      -36.404      99.738   
       213  -19.938      -36.311      99.737   
       214  -29.561      -36.388      99.735   
       215  -39.053      -36.296      99.745   
       216  -48.573      -36.250      99.739   
       217  -55.003      -36.387      99.768   
 
